t = 0
b = 30 30 30
E = 0 0 0
7.553959846496582 14.695409774780273 21.47652816772461 0.7858291816667917 -0.5998843462221943 -0.15037043724905128 -0.21471746903449215 -0.03662593967323132 -0.9759892156343096 0 0 0 0 0 0
7.754291534423828 14.771197319030762 20.988210678100586 0.28885826359667266 -0.9524793443874602 0.09666437848116062 -0.04369023864321346 -0.11397813551797231 -0.9925221144494193 0 0 0 0 0 0
8.128633499145508 14.822635650634766 20.60661506652832 -0.3536438637477303 -0.9335040242419643 0.05921363320752267 -0.012117429510288647 -0.058726930526173914 -0.9982005387360985 0 0 0 0 0 0
8.313684463500977 14.566596031188965 20.206756591796875 -0.8839690359764569 -0.46126363963090533 0.0763845415598184 0.020368006157811355 -0.20120997426087112 -0.9793363521196867 0 0 0 0 0 0
8.294727325439453 14.340346336364746 19.727367401123047 -0.935338016527422 -0.2773739310206591 0.21955978053526756 -0.07783211934836318 -0.4440891780575369 -0.8925956324842307 0 0 0 0 0 0
8.257790565490723 13.869513511657715 19.469097137451172 -0.929849110116153 0.3497052050976187 -0.11439799798873675 -0.11858230559990546 -0.5791491443100607 -0.8065509937031479 0 0 0 0 0 0
7.951735496520996 13.465689659118652 19.18372917175293 -0.6111432878187525 0.7511427177015495 -0.24957664032920981 -0.13133837818688318 -0.4071770859593677 -0.9038567646949803 0 0 0 0 0 0
7.536313056945801 13.233125686645508 18.925209045410156 0.06495234859213675 0.9204932496970941 -0.38532242301019615 -0.10191143266095898 -0.37799991326165694 -0.9201793985235547 0 0 0 0 0 0
7.4908528327941895 14.35969352722168 18.474491119384766 -0.03214828276341203 -0.9229375253827993 0.3836050210250624 0.010279597016686817 0.3834777852334132 0.9234928901283708 0 0 0 0 0 0
7.286847114562988 14.414889335632324 18.993854522705078 0.4065201010033169 -0.9016436406548199 0.14758100401804805 0.03310584449115739 0.1759612299291431 0.9838402556423226 0 0 0 0 0 0
7.1029052734375 14.212879180908203 19.38534927368164 0.9642432279801275 -0.25358640719530484 0.07699955441585872 -0.037909459857805444 0.15557626939256633 0.987096194529784 0 0 0 0 0 0
7.126398086547852 14.156370162963867 19.961551666259766 0.9760530720624484 0.0842666276952835 -0.20054808893210918 0.194489437108919 0.07490637080566107 0.9780403337622539 0 0 0 0 0 0
7.3608784675598145 13.856400489807129 20.3168888092041 0.7153679360421056 0.6842506771597205 -0.14159705819444868 0.2403374087088805 -0.050668991561739936 0.9693660728895028 0 0 0 0 0 0
7.844377040863037 13.671052932739258 20.58788299560547 0.1288796000814843 0.9908108014552117 0.04103662269872924 0.32966040919311634 -0.08183533887344238 0.9405461136606201 0 0 0 0 0 0
8.143593788146973 13.666955947875977 21.02015495300293 -0.35980365773979567 0.9323745694867617 0.034914038028271796 0.2527284671468729 0.06137020405159389 0.9655889497857035 0 0 0 0 0 0
8.467942237854004 13.871562957763672 21.46922492980957 -0.8167663750158898 0.5763803883706575 -0.02604489479903315 0.015010533051698192 0.06635315100804924 0.9976832880472675 0 0 0 0 0 0
